0.01 0 0 1 0
0.01 -8.5487e-09 3.89416e-10 1 0
0.01 -1.35842e-07 6.36532e-09 1 0
0.01 -6.82973e-07 3.28995e-08 1 0
0.01 -2.14367e-06 1.06091e-07 1 0
0.01 -5.19745e-06 2.64118e-07 1.00001 0
0.01 -1.07029e-05 5.58156e-07 1.00001 0
0.01 -1.9691e-05 1.05328e-06 1.00002 0
0.01 -3.33585e-05 1.82931e-06 1.00003 0
0.01 -5.30619e-05 2.98167e-06 1.00005 0
0.01 -8.03103e-05 4.62217e-06 1.00008 0
0.01 -0.00011676 6.87982e-06 1.00012 0
0.01 -0.000164207 9.90154e-06 1.00016 0
0.01 -0.000224584 1.38529e-05 1.00022 0
0.01 -0.000299949 1.89189e-05 1.0003 0
0.01 -0.000392486 2.53044e-05 1.00039 0
0.01 -0.000504494 3.3235e-05 1.0005 0
0.01 -0.000638383 4.29577e-05 1.00064 0
0.01 -0.000796669 5.47412e-05 1.00079 0
0.01 -0.000981968 6.88767e-05 1.00098 0
0.01 -0.00119699 8.56784e-05 1.00119 0
0.01 -0.00144454 0.000105484 1.00144 0
0.01 -0.00172749 0.000128655 1.00173 0
0.01 -0.00204882 0.000155577 1.00205 0
0.01 -0.00241155 0.000186662 1.00241 0
0.01 -0.00281879 0.000222345 1.00282 0
0.01 -0.00327371 0.000263089 1.00327 0
0.01 -0.00377954 0.000309381 1.00378 0
0.01 -0.00433955 0.000361736 1.00434 0
0.01 -0.00495709 0.000420694 1.00496 0
0.01 -0.00563552 0.000486823 1.00564 0
0.01 -0.00637827 0.00056072 1.00639 0
0.01 -0.00718878 0.000643005 1.00721 0
0.01 -0.00807054 0.00073433 1.00809 0
0.01 -0.00902706 0.000835373 1.00906 0
0.01 -0.0100619 0.00094684 1.0101 0
0.01 -0.0111786 0.00106947 1.01122 0
0.01 -0.0123806 0.00120401 1.01243 0
0.01 -0.0136717 0.00135127 1.01374 0
0.01 -0.0150554 0.00151207 1.01513 0
0.01 -0.0165353 0.00168724 1.01662 0
0.01 -0.0181149 0.00187768 1.01822 0
0.01 -0.0197979 0.00208428 1.01992 0
0.01 -0.0215879 0.00230798 1.02173 0
0.01 -0.0234883 0.00254975 1.02365 0
0.01 -0.0255028 0.00281057 1.02569 0
0.01 -0.027635 0.00309147 1.02785 0
0.01 -0.0298882 0.0033935 1.03013 0
0.01 -0.0322661 0.00371773 1.03255 0
0.01 -0.034772 0.00406527 1.03509 0
0.01 -0.0374095 0.00443726 1.03776 0
0.01 -0.0401819 0.00483486 1.04058 0
0.01 -0.0430927 0.00525926 1.04354 0
0.01 -0.046145 0.00571167 1.04664 0
0.01 -0.0493423 0.00619335 1.0499 0
0.01 -0.0526877 0.00670556 1.0533 0
0.01 -0.0561845 0.00724962 1.05686 0
0.01 -0.0598358 0.00782683 1.06059 0
0.01 -0.0636448 0.00843857 1.06447 0
0.01 -0.0676143 0.0090862 1.06852 0
0.01 -0.0717476 0.00977113 1.07275 0
0.01 -0.0760474 0.0104948 1.07714 0
0.01 -0.0805166 0.0112587 1.08171 0
0.01 -0.0851581 0.0120642 1.08646 0
0.01 -0.0899747 0.0129129 1.0914 0
0.01 -0.0949688 0.0138064 1.09651 0
0.01 -0.100143 0.0147461 1.10182 0
0.01 -0.105501 0.0157336 1.10732 0
0.01 -0.111043 0.0167706 1.11301 0
0.01 -0.116773 0.0178586 1.1189 0
0.01 -0.122694 0.0189994 1.12499 0
0.01 -0.128806 0.0201946 1.13128 0
0.01 -0.135113 0.0214458 1.13778 0
0.01 -0.141616 0.0227548 1.14448 0
0.01 -0.148318 0.0241233 1.1514 0
0.01 -0.15522 0.0255531 1.15852 0
0.01 -0.162324 0.0270459 1.16586 0
0.01 -0.169632 0.0286035 1.17342 0
0.01 -0.177146 0.0302277 1.1812 0
0.01 -0.184867 0.0319203 1.18919 0
0.01 -0.192797 0.0336833 1.19741 0
0.01 -0.200936 0.0355183 1.20586 0
0.01 -0.209287 0.0374274 1.21453 0
0.01 -0.217851 0.0394124 1.22343 0
0.01 -0.226628 0.0414751 1.23256 0
0.01 -0.23562 0.0436175 1.24192 0
0.01 -0.244827 0.0458416 1.25151 0
0.01 -0.254251 0.0481492 1.26134 0
0.01 -0.263892 0.0505424 1.2714 0
0.01 -0.27375 0.053023 1.2817 0
0.01 -0.283827 0.0555931 1.29224 0
0.01 -0.294123 0.0582546 1.30301 0
0.01 -0.304638 0.0610096 1.31403 0
0.01 -0.315372 0.06386 1.32529 0
0.01 -0.326326 0.0668078 1.33679 0
0.01 -0.337499 0.069855 1.34853 0
0.01 -0.348892 0.0730037 1.36051 0
0.01 -0.360504 0.0762559 1.37273 0
0.01 -0.372335 0.0796137 1.3852 0
0.01 -0.384385 0.083079 1.39792 0
0.01 -0.396653 0.0866539 1.41087 0
0.01 -0.409139 0.0903404 1.42408 0
0.01 -0.421842 0.0941406 1.43752 0
0.01 -0.434761 0.0980565 1.45121 0
0.01 -0.447896 0.10209 1.46514 0
0.01 -0.461245 0.106244 1.47932 0
0.01 -0.474808 0.110519 1.49374 0
0.01 -0.488583 0.114918 1.5084 0
0.01 -0.502569 0.119443 1.52331 0
0.01 -0.516765 0.124096 1.53845 0
0.01 -0.531169 0.128879 1.55384 0
0.01 -0.54578 0.133794 1.56947 0
0.01 -0.560596 0.138843 1.58533 0
0.01 -0.575616 0.144028 1.60144 0
0.01 -0.590837 0.149351 1.61778 0
0.01 -0.606258 0.154814 1.63435 0
0.01 -0.621876 0.160419 1.65117 0
0.01 -0.63769 0.166168 1.66821 0
0.01 -0.653697 0.172063 1.68549 0
0.01 -0.669895 0.178106 1.70299 0
0.01 -0.686281 0.184298 1.72073 0
0.01 -0.702854 0.190642 1.73869 0
0.01 -0.71961 0.19714 1.75687 0
0.01 -0.736548 0.203793 1.77528 0
0.01 -0.753663 0.210604 1.79391 0
0.01 -0.770953 0.217573 1.81276 0
0.01 -0.788416 0.224704 1.83183 0
0.01 -0.806048 0.231998 1.85111 0
0.01 -0.823846 0.239456 1.8706 0
0.01 -0.841808 0.24708 1.8903 0
0.01 -0.859929 0.254873 1.91021 0
0.01 -0.878206 0.262836 1.93033 0
0.01 -0.896636 0.27097 1.95065 0
0.01 -0.915216 0.279277 1.97116 0
0.01 -0.933942 0.28776 1.99188 0
0.01 -0.952809 0.296419 2.01279 0
0.01 -0.971816 0.305256 2.03388 0
0.01 -0.990956 0.314273 2.05517 0
0.01 -1.01023 0.323471 2.07664 0
0.01 -1.02963 0.332852 2.09829 0
0.01 -1.04915 0.342417 2.12013 0
0.01 -1.06879 0.352168 2.14213 0
0.01 -1.08854 0.362106 2.16431 0
0.01 -1.1084 0.372232 2.18666 0
0.01 -1.12837 0.382549 2.20917 0
0.01 -1.14844 0.393057 2.23184 0
0.01 -1.16861 0.403757 2.25467 0
0.01 -1.18887 0.414651 2.27765 0
0.01 -1.20922 0.42574 2.30079 0
0.01 -1.22965 0.437025 2.32407 0
0.01 -1.25017 0.448507 2.34749 0
0.01 -1.27075 0.460187 2.37105 0
0.01 -1.2914 0.472067 2.39475 0
0.01 -1.31212 0.484148 2.41858 0
0.01 -1.3329 0.49643 2.44253 0
0.01 -1.35373 0.508914 2.46661 0
0.01 -1.37461 0.521601 2.4908 0
0.01 -1.39554 0.534493 2.51511 0
0.01 -1.4165 0.547589 2.53953 0
0.01 -1.4375 0.560891 2.56405 0
0.01 -1.45853 0.5744 2.58868 0
0.01 -1.47958 0.588115 2.6134 0
0.01 -1.50065 0.602038 2.63821 0
0.01 -1.52174 0.616169 2.66311 0
0.01 -1.54283 0.630508 2.68809 0
0.01 -1.56393 0.645057 2.71315 0
0.01 -1.58502 0.659815 2.73829 0
0.01 -1.6061 0.674783 2.7635 0
0.01 -1.62717 0.689962 2.78876 0
0.01 -1.64823 0.70535 2.81409 0
0.01 -1.66925 0.72095 2.83948 0
0.01 -1.69025 0.73676 2.86491 0
0.01 -1.71121 0.752781 2.8904 0
0.01 -1.73214 0.769013 2.91592 0
0.01 -1.75301 0.785456 2.94147 0
0.01 -1.77383 0.80211 2.96706 0
0.01 -1.7946 0.818975 2.99268 0
0.01 -1.8153 0.83605 3.01832 0
0.01 -1.83593 0.853335 3.04397 0
0.01 -1.85649 0.87083 3.06963 0
0.01 -1.87697 0.888535 3.0953 0
0.01 -1.89736 0.906449 3.12098 0
0.01 -1.91767 0.924571 3.14665 0
0.01 -1.93787 0.942902 3.17231 0
0.01 -1.95797 0.96144 3.19796 0
0.01 -1.97797 0.980186 3.22359 0
0.01 -1.99785 0.999137 3.2492 0
0.01 -2.01761 1.01829 3.27478 0
0.01 -2.03725 1.03765 3.30032 0
0.01 -2.05675 1.05722 3.32583 0
0.01 -2.07612 1.07699 3.3513 0
0.01 -2.09535 1.09695 3.37672 0
0.01 -2.11443 1.11712 3.40208 0
0.01 -2.13336 1.13749 3.42739 0
0.01 -2.15213 1.15806 3.45263 0
0.01 -2.17074 1.17882 3.47781 0
0.01 -2.18917 1.19978 3.50292 0
0.01 -2.20744 1.22093 3.52794 0
0.01 -2.22552 1.24227 3.55289 0
0.01 -2.24342 1.26381 3.57775 0
0.01 -2.26112 1.28553 3.60251 0
0.01 -2.27863 1.30744 3.62718 0
0.01 -2.29594 1.32954 3.65175 0
0.01 -2.31305 1.35182 3.67621 0
0.01 -2.32994 1.37428 3.70056 0
0.01 -2.34661 1.39692 3.7248 0
0.01 -2.36307 1.41974 3.74891 0
0.01 -2.37929 1.44274 3.7729 0
0.01 -2.39528 1.4659 3.79676 0
0.01 -2.41104 1.48924 3.82049 0
0.01 -2.42655 1.51275 3.84407 0
0.01 -2.44182 1.53643 3.86752 0
0.01 -2.45684 1.56026 3.89081 0
0.01 -2.4716 1.58426 3.91396 0
0.01 -2.48609 1.60842 3.93694 0
0.01 -2.50033 1.63274 3.95977 0
0.01 -2.51429 1.6572 3.98243 0
0.01 -2.52797 1.68182 4.00492 0
0.01 -2.54138 1.70659 4.02724 0
0.01 -2.5545 1.7315 4.04938 0
0.01 -2.56733 1.75655 4.07133 0
0.01 -2.57987 1.78174 4.0931 0
0.01 -2.59212 1.80707 4.11468 0
0.01 -2.60406 1.83252 4.13607 0
0.01 -2.6157 1.85811 4.15726 0
0.01 -2.62702 1.88382 4.17825 0
0.01 -2.63804 1.90966 4.19903 0
0.01 -2.64873 1.93561 4.2196 0
0.01 -2.65911 1.96168 4.23996 0
0.01 -2.66916 1.98786 4.2601 0
0.01 -2.67888 2.01414 4.28002 0
0.01 -2.68827 2.04053 4.29972 0
0.01 -2.69732 2.06702 4.31919 0
0.01 -2.70603 2.09361 4.33843 0
0.01 -2.71441 2.12029 4.35743 0
0.01 -2.72243 2.14705 4.3762 0
0.01 -2.73011 2.1739 4.39473 0
0.01 -2.73743 2.20083 4.41301 0
0.01 -2.7444 2.22784 4.43105 0
0.01 -2.75101 2.25492 4.44884 0
0.01 -2.75726 2.28206 4.46637 0
0.01 -2.76314 2.30927 4.48365 0
0.01 -2.76866 2.33653 4.50068 0
0.01 -2.77381 2.36385 4.51744 0
0.01 -2.77859 2.39122 4.53394 0
0.01 -2.78299 2.41863 4.55017 0
0.01 -2.78702 2.44608 4.56613 0
0.01 -2.79067 2.47357 4.58183 0
0.01 -2.79394 2.50108 4.59725 0
0.01 -2.79682 2.52863 4.6124 0
0.01 -2.79932 2.55619 4.62727 0
0.01 -2.80143 2.58376 4.64186 0
0.01 -2.80316 2.61135 4.65616 0
0.01 -2.80356 2.61884 4.66 0
0.01 -2.80479 2.64643 4.67395 0
0.01 -2.80562 2.67403 4.68761 0
0.01 -2.80607 2.70161 4.70098 0
0.01 -2.80611 2.72919 4.71407 0
0.01 -2.80576 2.75674 4.72686 0
0.01 -2.80502 2.78428 4.73937 0
0.01 -2.80387 2.81179 4.75158 0
0.01 -2.80233 2.83926 4.76349 0
0.01 -2.80039 2.8667 4.77511 0
0.01 -2.79804 2.89409 4.78644 0
0.01 -2.7953 2.92143 4.79746 0
0.01 -2.79215 2.94872 4.80819 0
0.01 -2.7886 2.97595 4.81861 0
0.01 -2.78464 3.00311 4.82874 0
0.01 -2.78028 3.03019 4.83856 0
0.01 -2.77552 3.0572 4.84808 0
0.01 -2.77036 3.08413 4.8573 0
0.01 -2.76479 3.11097 4.86621 0
0.01 -2.75882 3.13771 4.87482 0
0.01 -2.75244 3.16435 4.88313 0
0.01 -2.74567 3.19089 4.89113 0
0.01 -2.73848 3.21731 4.89883 0
0.01 -2.7309 3.24362 4.90622 0
0.01 -2.72292 3.2698 4.91331 0
0.01 -2.71453 3.29585 4.9201 0
0.01 -2.70575 3.32176 4.92657 0
0.01 -2.69657 3.34753 4.93275 0
0.01 -2.68699 3.37315 4.93862 0
0.01 -2.67701 3.39862 4.94419 0
0.01 -2.66664 3.42393 4.94946 0
0.01 -2.65587 3.44907 4.95442 0
0.01 -2.64471 3.47404 4.95908 0
0.01 -2.63316 3.49883 4.96344 0
0.01 -2.62121 3.52344 4.9675 0
0.01 -2.60888 3.54786 4.97126 0
0.01 -2.59617 3.57208 4.97472 0
0.01 -2.58306 3.59609 4.97789 0
0.01 -2.56958 3.6199 4.98076 0
0.01 -2.55571 3.6435 4.98333 0
0.01 -2.54147 3.66687 4.98561 0
0.01 -2.52685 3.69002 4.9876 0
0.01 -2.51185 3.71293 4.98929 0
0.01 -2.49649 3.73561 4.9907 0
0.01 -2.48075 3.75804 4.99182 0
0.01 -2.46465 3.78022 4.99265 0
0.01 -2.44818 3.80215 4.99319 0
0.01 -2.43135 3.82381 4.99346 0
0.01 -2.41416 3.8452 4.99344 0
0.01 -2.39662 3.86632 4.99314 0
0.01 -2.37872 3.88716 4.99256 0
0.01 -2.36047 3.90771 4.99171 0
0.01 -2.34188 3.92797 4.99059 0
0.01 -2.32294 3.94793 4.98919 0
0.01 -2.30366 3.96759 4.98752 0
0.01 -2.28405 3.98695 4.98559 0
0.01 -2.2641 4.00598 4.98339 0
0.01 -2.24382 4.0247 4.98093 0
0.01 -2.22321 4.04309 4.97821 0
0.01 -2.20228 4.06114 4.97524 0
0.01 -2.18103 4.07886 4.972 0
0.01 -2.15946 4.09624 4.96852 0
0.01 -2.13759 4.11327 4.96478 0
0.01 -2.1154 4.12995 4.9608 0
0.01 -2.09291 4.14627 4.95658 0
0.01 -2.07012 4.16222 4.95211 0
0.01 -2.04703 4.1778 4.94741 0
0.01 -2.02365 4.19301 4.94246 0
0.01 -1.99999 4.20784 4.93729 0
0.01 -1.97604 4.22229 4.93189 0
0.01 -1.95181 4.23634 4.92626 0
0.01 -1.9273 4.25 4.9204 0
0.01 -1.90252 4.26326 4.91433 0
0.01 -1.87748 4.27612 4.90804 0
0.01 -1.85218 4.28857 4.90153 0
0.01 -1.82661 4.3006 4.89482 0
0.01 -1.8008 4.31221 4.88789 0
0.01 -1.77474 4.32341 4.88077 0
0.01 -1.74843 4.33417 4.87344 0
0.01 -1.72189 4.3445 4.86591 0
0.01 -1.69511 4.3544 4.85819 0
0.01 -1.6681 4.36386 4.85028 0
0.01 -1.64087 4.37287 4.84219 0
0.01 -1.61342 4.38143 4.83391 0
0.01 -1.58576 4.38954 4.82545 0
0.01 -1.55788 4.3972 4.81681 0
0.01 -1.5298 4.40439 4.808 0
0.01 -1.50152 4.41112 4.79903 0
0.01 -1.47305 4.41738 4.78988 0
0.01 -1.44439 4.42318 4.78058 0
0.01 -1.41554 4.42849 4.77112 0
0.01 -1.38652 4.43333 4.7615 0
0.01 -1.35732 4.43769 4.75174 0
0.01 -1.32795 4.44156 4.74182 0
0.01 -1.29842 4.44495 4.73177 0
0.01 -1.26873 4.44785 4.72157 0
0.01 -1.23889 4.45025 4.71124 0
0.01 -1.2089 4.45216 4.70078 0
0.01 -1.17876 4.45357 4.69019 0
0.01 -1.14849 4.45448 4.67948 0
0.01 -1.11809 4.45488 4.66864 0
0.01 -1.08756 4.45478 4.6577 0
0.01 -1.05691 4.45418 4.64664 0
0.01 -1.02615 4.45306 4.63547 0
0.01 -0.995274 4.45143 4.62419 0
0.01 -0.964293 4.44929 4.61282 0
0.01 -0.933213 4.44663 4.60135 0
0.01 -0.902038 4.44345 4.58979 0
0.01 -0.870774 4.43976 4.57814 0
0.01 -0.839426 4.43555 4.5664 0
0.01 -0.808 4.43081 4.55458 0
0.01 -0.776501 4.42556 4.54269 0
0.01 -0.744935 4.41978 4.53072 0
0.01 -0.713306 4.41347 4.51868 0
0.01 -0.68162 4.40664 4.50658 0
0.01 -0.649882 4.39929 4.49442 0
0.01 -0.618099 4.39141 4.48219 0
0.01 -0.586274 4.38301 4.46992 0
0.01 -0.554413 4.37407 4.45759 0
0.01 -0.522523 4.36461 4.44522 0
0.01 -0.490606 4.35463 4.4328 0
0.01 -0.45867 4.34412 4.42035 0
0.01 -0.42672 4.33308 4.40786 0
0.01 -0.394759 4.32151 4.39534 0
0.01 -0.362795 4.30943 4.38279 0
0.01 -0.330831 4.29681 4.37021 0
0.01 -0.298873 4.28368 4.35762 0
0.01 -0.266927 4.27002 4.34501 0
0.01 -0.234996 4.25583 4.33238 0
0.01 -0.203087 4.24113 4.31975 0
0.01 -0.171203 4.22591 4.30711 0
0.01 -0.139352 4.21017 4.29447 0
0.01 -0.107536 4.19392 4.28183 0
0.01 -0.0757611 4.17715 4.26919 0
0.01 -0.0440323 4.15987 4.25656 0
0.01 -0.0123545 4.14208 4.24394 0
0.01 0.0192678 4.12378 4.23134 0
0.01 0.0508297 4.10498 4.21876 0
0.01 0.0823264 4.08567 4.20619 0
0.01 0.113753 4.06586 4.19365 0
0.01 0.145106 4.04555 4.18114 0
0.01 0.176379 4.02475 4.16866 0
0.01 0.207569 4.00346 4.15621 0
0.01 0.23867 3.98168 4.1438 0
0.01 0.269679 3.95941 4.13143 0
0.01 0.300591 3.93666 4.11911 0
0.01 0.331401 3.91343 4.10683 0
0.01 0.362106 3.88973 4.0946 0
0.01 0.3927 3.86556 4.08242 0
0.01 0.423181 3.84092 4.07029 0
0.01 0.453543 3.81581 4.05823 0
0.01 0.483782 3.79025 4.04622 0
0.01 0.513895 3.76423 4.03428 0
0.01 0.543878 3.73777 4.0224 0
0.01 0.573726 3.71086 4.01059 0
0.01 0.603435 3.68351 3.99885 0
0.01 0.633003 3.65572 3.98719 0
0.01 0.662424 3.6275 3.9756 0
0.01 0.691696 3.59886 3.96409 0
0.01 0.720815 3.5698 3.95266 0
0.01 0.749776 3.54032 3.94131 0
0.01 0.778578 3.51043 3.93005 0
0.01 0.807215 3.48015 3.91888 0
0.01 0.835686 3.44946 3.90779 0
0.01 0.863986 3.41838 3.8968 0
0.01 0.892112 3.38692 3.8859 0
0.01 0.920061 3.35508 3.8751 0
0.01 0.94783 3.32286 3.86439 0
0.01 0.975416 3.29028 3.85378 0
0.01 1.00282 3.25734 3.84328 0
0.01 1.03003 3.22404 3.83288 0
0.01 1.05705 3.1904 3.82258 0
0.01 1.08387 3.15642 3.81239 0
0.01 1.1105 3.12211 3.8023 0
0.01 1.13693 3.08747 3.79233 0
0.01 1.16315 3.05251 3.78247 0
0.01 1.18917 3.01724 3.77272 0
0.01 1.21498 2.98167 3.76308 0
0.01 1.24059 2.9458 3.75356 0
0.01 1.26598 2.90964 3.74415 0
0.01 1.27721 2.89346 3.74 0
0.01 1.30229 2.8569 3.73076 0
0.01 1.32715 2.82007 3.72165 0
0.01 1.3518 2.78297 3.71265 0
0.01 1.37622 2.74563 3.70377 0
0.01 1.40042 2.70804 3.69502 0
0.01 1.4244 2.67021 3.68638 0
0.01 1.44815 2.63215 3.67787 0
0.01 1.47167 2.59387 3.66949 0
0.01 1.49496 2.55538 3.66123 0
0.01 1.51802 2.51668 3.65309 0
0.01 1.54084 2.47779 3.64508 0
0.01 1.56344 2.43871 3.6372 0
0.01 1.58579 2.39945 3.62945 0
0.01 1.60791 2.36003 3.62182 0
0.01 1.6298 2.32044 3.61432 0
0.01 1.65144 2.2807 3.60694 0
0.01 1.67285 2.24082 3.5997 0
0.01 1.69401 2.2008 3.59258 0
0.01 1.71494 2.16066 3.5856 0
0.01 1.73562 2.1204 3.57874 0
0.01 1.75605 2.08004 3.57201 0
0.01 1.77625 2.03957 3.5654 0
0.01 1.7962 1.99902 3.55893 0
0.01 1.81591 1.95839 3.55258 0
0.01 1.83537 1.91769 3.54636 0
0.01 1.85458 1.87693 3.54027 0
0.01 1.87355 1.83611 3.53431 0
0.01 1.89228 1.79525 3.52847 0
0.01 1.91076 1.75436 3.52277 0
0.01 1.92899 1.71344 3.51718 0
0.01 1.94698 1.67251 3.51172 0
0.01 1.96472 1.63157 3.50639 0
0.01 1.98221 1.59064 3.50118 0
0.01 1.99946 1.54971 3.4961 0
0.01 2.01647 1.50881 3.49114 0
0.01 2.03323 1.46794 3.4863 0
0.01 2.04974 1.42711 3.48158 0
0.01 2.06602 1.38633 3.47699 0
0.01 2.08204 1.34561 3.47251 0
0.01 2.09783 1.30495 3.46816 0
0.01 2.11337 1.26437 3.46392 0
0.01 2.12867 1.22388 3.4598 0
0.01 2.14373 1.18348 3.45579 0
0.01 2.15855 1.14318 3.45191 0
0.01 2.17313 1.103 3.44813 0
0.01 2.18747 1.06293 3.44447 0
0.01 2.20158 1.023 3.44092 0
0.01 2.21545 0.983205 3.43748 0
0.01 2.22908 0.943556 3.43415 0
0.01 2.24248 0.904063 3.43093 0
0.01 2.25565 0.864734 3.42781 0
0.01 2.26858 0.825578 3.42481 0
0.01 2.28129 0.786602 3.4219 0
0.01 2.29376 0.747815 3.4191 0
0.01 2.30601 0.709226 3.4164 0
0.01 2.31803 0.670842 3.4138 0
0.01 2.32983 0.632672 3.4113 0
0.01 2.34141 0.594723 3.4089 0
0.01 2.35276 0.557002 3.40659 0
0.01 2.36389 0.519519 3.40438 0
0.01 2.37481 0.48228 3.40226 0
0.01 2.38551 0.445293 3.40023 0
0.01 2.39599 0.408565 3.39829 0
0.01 2.40626 0.372103 3.39644 0
0.01 2.41633 0.335915 3.39468 0
0.01 2.42618 0.300007 3.393 0
0.01 2.43582 0.264387 3.3914 0
0.01 2.44526 0.229061 3.38989 0
0.01 2.45449 0.194036 3.38845 0
0.01 2.46353 0.159318 3.3871 0
0.01 2.47236 0.124914 3.38582 0
0.01 2.481 0.0908295 3.38462 0
0.01 2.48944 0.057071 3.38349 0
0.01 2.49769 0.0236442 3.38243 0
0.01 2.50575 -0.009445 3.38144 0
0.01 2.51362 -0.0421911 3.38052 0
0.01 2.5213 -0.0745886 3.37967 0
0.01 2.5288 -0.106632 3.37888 0
0.01 2.53611 -0.138317 3.37816 0
0.01 2.54325 -0.169637 3.37749 0
0.01 2.55021 -0.200589 3.37689 0
0.01 2.55699 -0.231168 3.37635 0
0.01 2.5636 -0.261368 3.37586 0
0.01 2.57004 -0.291187 3.37542 0
0.01 2.57631 -0.320619 3.37504 0
0.01 2.58242 -0.349661 3.37471 0
0.01 2.58836 -0.378309 3.37443 0
0.01 2.59414 -0.406559 3.3742 0
0.01 2.59977 -0.434409 3.37402 0
0.01 2.60523 -0.461854 3.37388 0
0.01 2.61055 -0.488892 3.37378 0
0.01 2.61571 -0.51552 3.37372 0
0.01 2.62072 -0.541736 3.37371 0
0.01 2.62559 -0.567536 3.37373 0
0.01 2.63031 -0.592919 3.37379 0
0.01 2.6349 -0.617882 3.37388 0
0.01 2.63934 -0.642424 3.37401 0
0.01 2.64365 -0.666543 3.37417 0
0.01 2.64782 -0.690237 3.37436 0
0.01 2.65186 -0.713506 3.37457 0
0.01 2.65578 -0.736348 3.37482 0
0.01 2.65956 -0.758761 3.37509 0
0.01 2.66322 -0.780747 3.37539 0
0.01 2.66676 -0.802303 3.37571 0
0.01 2.67019 -0.82343 3.37605 0
0.01 2.67349 -0.844127 3.37641 0
0.01 2.67668 -0.864395 3.37679 0
0.01 2.67976 -0.884234 3.37718 0
0.01 2.68273 -0.903645 3.3776 0
0.01 2.6856 -0.922628 3.37802 0
0.01 2.68836 -0.941184 3.37846 0
0.01 2.69101 -0.959314 3.37892 0
0.01 2.69357 -0.977019 3.37938 0
0.01 2.69603 -0.994301 3.37986 0
0.01 2.6984 -1.01116 3.38034 0
0.01 2.70067 -1.0276 3.38083 0
0.01 2.70285 -1.04363 3.38133 0
0.01 2.70495 -1.05924 3.38183 0
0.01 2.70696 -1.07443 3.38234 0
0.01 2.70888 -1.08922 3.38285 0
0.01 2.71073 -1.1036 3.38336 0
0.01 2.7125 -1.11757 3.38387 0
0.01 2.71419 -1.13115 3.38439 0
0.01 2.7158 -1.14433 3.3849 0
0.01 2.71735 -1.15711 3.38541 0
0.01 2.71882 -1.1695 3.38592 0
0.01 2.72022 -1.18151 3.38643 0
0.01 2.72156 -1.19313 3.38693 0
0.01 2.72284 -1.20438 3.38743 0
0.01 2.72405 -1.21525 3.38793 0
0.01 2.72521 -1.22576 3.38842 0
0.01 2.72631 -1.2359 3.3889 0
0.01 2.72735 -1.24568 3.38937 0
0.01 2.72833 -1.25511 3.38984 0
0.01 2.72927 -1.26419 3.3903 0
0.01 2.73015 -1.27292 3.39075 0
0.01 2.73099 -1.28132 3.39119 0
0.01 2.73178 -1.28939 3.39162 0
0.01 2.73253 -1.29713 3.39205 0
0.01 2.73323 -1.30455 3.39246 0
0.01 2.73389 -1.31165 3.39286 0
0.01 2.73452 -1.31845 3.39325 0
0.01 2.7351 -1.32495 3.39363 0
0.01 2.73565 -1.33115 3.39399 0
0.01 2.73616 -1.33706 3.39435 0
0.01 2.73664 -1.34269 3.39469 0
0.01 2.73709 -1.34805 3.39503 0
0.01 2.73751 -1.35313 3.39535 0
0.01 2.7379 -1.35796 3.39566 0
0.01 2.73826 -1.36253 3.39595 0
0.01 2.7386 -1.36685 3.39623 0
0.01 2.73891 -1.37093 3.39651 0
0.01 2.7392 -1.37478 3.39677 0
0.01 2.73947 -1.3784 3.39701 0
0.01 2.73971 -1.3818 3.39725 0
0.01 2.73994 -1.385 3.39747 0
0.01 2.74014 -1.38798 3.39768 0
0.01 2.74033 -1.39078 3.39788 0
0.01 2.74051 -1.39338 3.39807 0
0.01 2.74067 -1.3958 3.39825 0
0.01 2.74081 -1.39804 3.39841 0
0.01 2.74094 -1.40012 3.39857 0
0.01 2.74106 -1.40204 3.39871 0
0.01 2.74116 -1.4038 3.39885 0
0.01 2.74126 -1.40542 3.39897 0
0.01 2.74134 -1.4069 3.39909 0
0.01 2.74142 -1.40825 3.3992 0
0.01 2.74148 -1.40947 3.39929 0
0.01 2.74154 -1.41058 3.39938 0
0.01 2.7416 -1.41158 3.39946 0
0.01 2.74164 -1.41248 3.39954 0
0.01 2.74168 -1.41327 3.3996 0
0.01 2.74172 -1.41398 3.39966 0
0.01 2.74174 -1.41461 3.39972 0
0.01 2.74177 -1.41515 3.39976 0
0.01 2.74179 -1.41563 3.3998 0
0.01 2.74181 -1.41604 3.39984 0
0.01 2.74182 -1.41639 3.39987 0
0.01 2.74184 -1.41669 3.3999 0
0.01 2.74185 -1.41694 3.39992 0
0.01 2.74186 -1.41715 3.39994 0
0.01 2.74186 -1.41732 3.39995 0
0.01 2.74187 -1.41746 3.39996 0
0.01 2.74187 -1.41756 3.39997 0
0.01 2.74187 -1.41765 3.39998 0
0.01 2.74188 -1.41771 3.39999 0
0.01 2.74188 -1.41775 3.39999 0
0.01 2.74188 -1.41779 3.39999 0
0.01 2.74188 -1.41781 3.4 0
0.01 2.74188 -1.41782 3.4 0
0.01 2.74188 -1.41783 3.4 0
0.01 2.74188 -1.41783 3.4 0
0.01 2.74188 -1.41783 3.4 0
0.01 2.74188 -1.41783 3.4 0
0.01 2.74188 -1.41783 3.4 0
